7.512370383776209692e+00
7.227715092888113979e+00
7.074625528053664958e+00
7.207634388120101043e+00
7.492478974392783542e+00
7.641629547556404667e+00
7.504529532246002610e+00
7.219571348616571349e+00
7.074399404191790808e+00
7.215554140138391581e+00
7.500550192908006508e+00
7.641704928854606393e+00
7.496532984429826740e+00
7.211574800800395479e+00
7.074474785489993423e+00
7.223625358653614548e+00
7.508469944926297046e+00
7.641478804992733131e+00
7.488389240158284110e+00
7.203733949270188397e+00
7.011310444795853414e+00
7.248582560961817300e+00
7.376189129938173217e+00
7.265320670060528840e+00
7.027890768257273102e+00
6.903567513939785627e+00
7.017846123192383878e+00
7.255370713153877382e+00
7.376377613654934606e+00
7.258719224800099568e+00
7.021163069322993167e+00
6.903504680468158128e+00
7.024511580969215352e+00
7.262036170930708856e+00
7.376314780183307107e+00
7.251991525865819632e+00
7.014561624062563894e+00
6.903693164184918629e+00
7.031299733161274546e+00
7.268571849327239320e+00
6.648833898625139405e+00
7.343810362180008156e+00
7.717573463662725786e+00
7.392836737701864891e+00
6.697398115735899715e+00
6.333251931939214430e+00
6.667977077909533534e+00
7.363693044059113291e+00
7.718125537581181916e+00
7.373500925489378410e+00
6.677692503088448639e+00
6.333067890996643357e+00
6.687500384518711982e+00
7.383216350668292627e+00
7.717941496638611731e+00
7.353795312841927334e+00
6.658356690875961270e+00
6.333619964915100375e+00
6.707383066397816229e+00
7.402359529952686756e+00
6.674224086542300149e+00
7.638793813866186611e+00
8.157546018849961555e+00
7.706838359471236188e+00
6.741627194579389304e+00
6.236222474232235413e+00
6.700793232680013034e+00
7.666389328310657447e+00
8.158312251689364913e+00
7.680001854795978744e+00
6.714277437551825045e+00
6.235967040658437099e+00
6.727889964037144566e+00
7.693486059667789867e+00
8.158056818115566600e+00
7.652652097768413597e+00
6.687440932876566713e+00
6.236733273497841346e+00
6.755485478481614514e+00
7.720055205805502752e+00
6.171794539879858377e+00
7.144874938757018512e+00
7.668204241185477166e+00
7.213519860635790870e+00
6.239792364605563968e+00
5.729928315446295883e+00
6.198598113109593299e+00
7.172713936231412291e+00
7.668977234713969082e+00
7.186446569888507163e+00
6.212201292935283448e+00
5.729670628109820640e+00
6.225933926592376544e+00
7.200049749714196423e+00
7.668719547377493839e+00
7.158855498218226643e+00
6.185128002187998852e+00
5.730443621638311669e+00
6.253772924066769434e+00
7.226853322943931346e+00
6.742611076145822224e+00
7.460815948796621022e+00
7.847071447765427976e+00
7.511480947734999525e+00
6.792798469812377782e+00
6.416481317685794217e+00
6.762394083716688264e+00
7.481363175581678959e+00
7.847641973817879979e+00
7.491498868807268785e+00
6.772434230497601959e+00
6.416291125486988989e+00
6.782569923723190009e+00
7.501539015588180703e+00
7.847451781619074751e+00
7.471134629492492074e+00
6.752452151569870331e+00
6.416861651539441880e+00
6.803117150508247057e+00
7.521322023159046744e+00
6.783508408317379335e+00
7.052439377328624914e+00
7.197072294173382900e+00
7.071410826532473770e+00
6.802301018789486342e+00
6.661389504219241253e+00
6.790916132211473055e+00
7.060133262207745730e+00
7.197285926982035065e+00
7.063928560603171647e+00
6.794675653353177580e+00
6.661318286974314162e+00
6.798470951748603497e+00
7.067688081744876172e+00
7.197214709737107974e+00
7.056303195166862885e+00
6.787193387423875457e+00
6.661531919782966327e+00
6.806164836627724313e+00
7.075095805638969892e+00
7.292112660594573192e+00
7.038977482411879372e+00
6.902839650048475661e+00
7.021120330473384463e+00
7.274423843208220219e+00
7.407058851663646415e+00
7.285140032954275924e+00
7.031735501590725690e+00
6.902638565066397724e+00
7.028163121886318088e+00
7.281601329109248510e+00
7.407125885929169762e+00
7.278028949404840908e+00
7.024624418041290674e+00
6.902705599331921071e+00
7.035340607787346379e+00
7.288644120522182135e+00
7.406924800947091825e+00
7.270786968583688115e+00
7.017651790400994294e+00
7.563767644358089903e+00
6.857083074824800839e+00
6.477023273766679523e+00
6.807230763418135489e+00
7.514385277237208172e+00
7.884666146645720630e+00
7.544301964408450800e+00
6.836865434053152946e+00
6.476461899188006299e+00
6.826892321537763486e+00
7.534422865733259478e+00
7.884853288083017553e+00
7.524449753217870906e+00
6.817013222862573052e+00
6.476649040625303222e+00
6.846929910033814792e+00
7.554084423852888364e+00
7.884291913504345217e+00
7.504232112446223901e+00
6.797547542912933949e+00
7.604275565481791510e+00
6.635321751658405987e+00
6.114211754931815790e+00
6.566967935333675399e+00
7.536566102136631251e+00
8.044267948288680969e+00
7.577585659349661995e+00
6.607600812250973732e+00
6.113442039471143730e+00
6.593926415180356493e+00
7.564040167129864045e+00
8.044524542839079473e+00
7.550365770059248582e+00
6.580380922960560319e+00
6.113698634021542233e+00
6.621400480173590175e+00
7.590998646976546027e+00
8.043754827378407413e+00
7.522644830651818104e+00
6.553691016828430804e+00
7.545803871432583243e+00
6.576850057609197719e+00
6.055740060882606635e+00
6.508496241284467132e+00
7.478094408087422984e+00
7.985796254239472702e+00
7.519113965300454616e+00
6.549129118201765465e+00
6.054970345421934574e+00
6.535454721131148226e+00
7.505568473080656666e+00
7.986052848789871206e+00
7.491894076010040315e+00
6.521909228911352052e+00
6.055226939972333078e+00
6.562928786124381908e+00
7.532526952927338648e+00
7.985283133329199146e+00
7.464173136602609837e+00
6.495219322779222537e+00
7.412596683039194723e+00
6.705912113505905658e+00
6.325852312447783454e+00
6.656059802099239420e+00
7.363214315918313879e+00
7.733495185326826338e+00
7.393131003089556508e+00
6.685694472734256877e+00
6.325290937869111119e+00
6.675721360218867417e+00
7.383251904414365185e+00
7.733682326764123260e+00
7.373278791898976614e+00
6.665842261543676983e+00
6.325478079306407153e+00
6.695758948714919612e+00
7.402913462533993183e+00
7.733120952185450037e+00
7.353061151127329609e+00
6.646376581594038768e+00
6.887570129332971192e+00
6.634434951150277371e+00
6.498297118786873661e+00
6.616577799211782462e+00
6.869881311946619107e+00
7.002516320402044414e+00
6.880597501692674811e+00
6.627192970329124577e+00
6.498096033804795724e+00
6.623620590624716087e+00
6.877058797847647398e+00
7.002583354667567761e+00
6.873486418143238907e+00
6.620081886779688674e+00
6.498163068070319071e+00
6.630798076525744378e+00
6.884101589260580134e+00
7.002382269685489824e+00
6.866244437322086114e+00
6.613109259139392293e+00
6.817087234453367728e+00
7.086018203464612419e+00
7.230651120309370405e+00
7.104989652668462163e+00
6.835879844925474735e+00
6.694968330355228758e+00
6.824494958347461449e+00
7.093712088343734123e+00
7.230864753118023458e+00
7.097507386739160040e+00
6.828254479489165973e+00
6.694897113110302556e+00
6.832049777884591890e+00
7.101266907880864565e+00
7.230793535873096367e+00
7.089882021302851278e+00
6.820772213559863850e+00
6.695110745918954720e+00
6.839743662763712706e+00
7.108674631774958286e+00
6.319859863801471356e+00
7.038064736452270154e+00
7.424320235421076219e+00
7.088729735390647768e+00
6.370047257468026913e+00
5.993730105341443348e+00
6.339642871372337396e+00
7.058611963237327203e+00
7.424890761473528222e+00
7.068747656462917028e+00
6.349683018153250202e+00
5.993539913142638120e+00
6.359818711378839140e+00
7.078787803243828947e+00
7.424700569274722994e+00
7.048383417148140317e+00
6.329700939225519463e+00
5.994110439195090123e+00
6.380365938163895301e+00
7.098570810814694987e+00
6.644962048102912355e+00
7.618042446980072491e+00
8.141371749408531144e+00
7.686687368858844849e+00
6.712959872828617947e+00
6.203095823669349862e+00
6.671765621332647278e+00
7.645881444454466269e+00
8.142144742937022173e+00
7.659614078111561142e+00
6.685368801158338314e+00
6.202838136332874619e+00
6.699101434815430522e+00
7.673217257937250402e+00
8.141887055600546930e+00
7.632023006441279733e+00
6.658295510411052831e+00
6.203611129861366535e+00
6.726940432289823413e+00
7.700020831166985325e+00
6.253704805424634472e+00
7.218274532748520933e+00
7.737026737732295878e+00
7.286319078353571399e+00
6.321107913461724515e+00
5.815703193114570624e+00
6.280273951562348245e+00
7.245870047192992658e+00
7.737792970571700124e+00
7.259482573678313955e+00
6.293758156434160256e+00
5.815447759540772310e+00
6.307370682919479776e+00
7.272966778550124189e+00
7.737537536997901810e+00
7.232132816650748808e+00
6.266921651758901923e+00
5.816213992380176556e+00
6.334966197363949725e+00
7.299535924687837962e+00
6.916686154841250378e+00
7.611662618396119129e+00
7.985425719878836759e+00
7.660688993917975864e+00
6.965250371952009800e+00
6.601104188155325403e+00
6.935829334125644507e+00
7.631545300275224264e+00
7.985977793797292890e+00
7.641353181705489384e+00
6.945544759304559612e+00
6.600920147212754330e+00
6.955352640734822955e+00
7.651068606884402712e+00
7.985793752854722705e+00
7.621647569058038307e+00
6.926208947092072243e+00
6.601472221131211349e+00
6.975235322613927202e+00
7.670211786168797730e+00
6.865831203053413212e+00
7.103103319219378875e+00
7.230709888195735680e+00
7.119841428318090415e+00
6.882411526514832900e+00
6.758088272197345425e+00
6.872366881449943676e+00
7.109891471411438957e+00
7.230898371912496181e+00
7.113239983057661142e+00
6.875683827580553853e+00
6.758025438725717926e+00
6.879032339226775150e+00
7.116556929188270431e+00
7.230835538440868682e+00
7.106512284123381207e+00
6.869082382320123692e+00
6.758213922442479316e+00
6.885820491418835232e+00
7.123092607584800895e+00
7.152996287698694999e+00
6.868340996810599286e+00
6.715251431976150265e+00
6.848260292042586350e+00
7.133104878315268849e+00
7.282255451478889974e+00
7.145155436168487917e+00
6.860197252539056656e+00
6.715025308114277003e+00
6.856180044060876888e+00
7.141176096830491815e+00
7.282330832777092589e+00
7.137158888352312047e+00
6.852200704722880786e+00
6.715100689412478729e+00
6.864251262576099855e+00
7.149095848848782353e+00
7.282104708915218438e+00
7.129015144080769417e+00
6.844359853192673704e+00
