0 0 0 -2.5 0 0 0 1
10 -0.0106447 -0.000277996 -2.49894 0.000944848 -0.00161834 -0.00110767 0.999998
20 -0.0279191 0.000589371 -2.50179 -0.00299049 0.0035784 -0.00474758 0.999978
30 -0.0863693 -0.000628471 -2.51202 -0.00493514 0.0222641 -0.00339892 0.999734
40 -0.19135 0.00459909 -2.52147 -0.00719318 0.0441586 -0.00145006 0.998998
50 -0.266013 0.00248981 -2.51056 -0.00825396 0.0543559 -0.0058697 0.99847
60 -0.353086 0.0110216 -2.49324 -0.00698067 0.0677809 -0.00623969 0.997656
70 -0.481081 0.00614595 -2.46959 -0.0156723 0.102342 -4.61098e-05 0.994626
80 -0.534868 -0.0204465 -2.49889 -0.00683562 0.126331 -0.0113392 0.9919
90 -0.657657 -0.0181561 -2.49986 -0.0106136 0.170105 0.000131587 0.985369
100 -0.760226 -0.0110695 -2.47389 -0.0152943 0.198555 0.002056 0.979968
110 -0.82933 0.00307727 -2.42405 -0.0197793 0.226875 0.00422994 0.973714
120 -0.907442 0.00482321 -2.33366 -0.0267905 0.267146 0.00673025 0.96326
130 -0.971791 0.00184369 -2.24135 -0.0265021 0.304886 0.00682043 0.951995
140 -1.04218 0.00698566 -2.14918 -0.027937 0.357033 0.0155612 0.933544
150 -1.10589 0.0116079 -2.04073 -0.0295804 0.404986 0.018783 0.913651
160 -1.13621 0.0187874 -1.9183 -0.031524 0.449326 0.0282593 0.892364
170 -1.1406 0.0198832 -1.77963 -0.0309595 0.488941 0.0206398 0.871523
180 -1.13821 0.0191398 -1.65161 -0.0340494 0.505746 0.0174693 0.861833
190 -1.12833 0.0212917 -1.49298 -0.0383896 0.544233 0.015313 0.837915
200 -1.12038 0.0195632 -1.32365 -0.033647 0.591899 0.0170354 0.805129
210 -1.08353 0.0217128 -1.18305 -0.0322867 0.622587 0.0145512 0.781749
220 -0.993081 0.00708795 -1.05067 -0.0137934 0.647784 -0.000850274 0.761698
230 -0.879912 -0.0230083 -0.941265 0.013099 0.666505 -0.018911 0.745146
240 -0.772686 -0.0579529 -0.854634 0.0296809 0.675553 -0.0473915 0.735188
250 -0.666221 -0.0833018 -0.759531 0.0511756 0.704216 -0.0614138 0.705471
260 -0.563814 -0.0991778 -0.663899 0.0583663 0.733692 -0.0635656 0.67398
270 -0.426367 -0.109003 -0.601506 0.0567801 0.749134 -0.0735252 0.655872
280 -0.283101 -0.118195 -0.562147 0.0624306 0.756096 -0.0929702 0.644808
290 -0.172143 -0.117419 -0.509312 0.060705 0.755996 -0.0951057 0.644779
300 -0.110818 -0.112297 -0.427736 0.0565929 0.764021 -0.0891051 0.636498
310 -0.0786055 -0.104179 -0.307639 0.0521933 0.77648 -0.0749505 0.623488
320 -0.0777635 -0.0911145 -0.172281 0.0524373 0.761932 -0.0675915 0.641983
330 -0.0868926 -0.0904343 -0.0794523 0.0496248 0.701068 -0.0663587 0.708264
340 -0.0997391 -0.0947664 -0.000216007 0.0550991 0.633129 -0.0672772 0.769146
350 -0.108769 -0.0925336 0.0624001 0.0634012 0.571113 -0.0659259 0.815759
360 -0.108441 -0.0816653 0.119542 0.0589675 0.553683 -0.0630162 0.828243
370 -0.111256 -0.0774415 0.199405 0.0582016 0.559074 -0.0593777 0.824938
380 -0.10526 -0.076839 0.27587 0.0381399 0.619272 -0.0575941 0.782132
390 -0.0828946 -0.0846574 0.302148 0.0392033 0.694413 -0.0669833 0.715378
400 -0.058756 -0.0810065 0.305416 0.0350604 0.77589 -0.0695725 0.626039
410 -0.0130151 -0.0898304 0.331096 0.0232095 0.851462 -0.072696 0.518835
420 0.0343334 -0.0790529 0.376699 0.00625326 0.913499 -0.062637 0.401943
430 0.117935 -0.0539246 0.357152 -0.00665829 0.946523 -0.0651495 0.31592
440 0.239978 -0.0376186 0.278698 0.00845726 0.96154 -0.072965 0.264661
450 0.356997 -0.033658 0.186585 0.00552472 0.976707 -0.0687275 0.203199
460 0.46498 -0.0228243 0.134289 0.00763649 0.985853 -0.0629949 0.155139
470 0.572533 -0.00360203 0.109685 0.00651299 0.995215 -0.0504451 0.0834266
480 0.670831 0.00151277 0.0844083 4.31229e-05 0.999349 -0.0348156 0.00949309
490 0.739241 0.00445461 0.0469084 0.00302843 0.998192 -0.0388548 -0.0457558
500 0.747362 0.0145643 -0.050374 -0.00731075 0.995031 -0.0403202 -0.0907444
510 0.752743 0.00948143 -0.165465 -0.000796975 0.990522 -0.0420766 -0.130751
520 0.757561 0.000898123 -0.253088 -0.00378852 0.982321 -0.0575805 -0.178089
530 0.800653 0.00575495 -0.349375 -0.0134112 0.972023 -0.0524668 -0.228557
540 0.823861 -0.000334501 -0.459126 -0.014692 0.960608 -0.0482049 -0.273298
550 0.834129 -0.00643826 -0.547375 -0.0231019 0.95144 -0.0422215 -0.30405
560 0.837871 -0.0115261 -0.610384 -0.0168254 0.938125 -0.0468289 -0.342702
570 0.850176 -0.0124807 -0.694179 -0.0166314 0.918681 -0.0451237 -0.392061
580 0.841397 -0.00613451 -0.790413 -0.0235871 0.904174 -0.0410138 -0.424536
590 0.828436 -0.00716424 -0.923477 -0.00916441 0.885778 -0.0357064 -0.462644
600 0.808204 -0.0180848 -1.04777 -0.0093206 0.866339 -0.0325575 -0.498307
610 0.784169 -0.0163102 -1.15433 0.0145625 -0.850243 0.0305485 0.525301
620 0.767333 -0.0108533 -1.27053 0.00113438 -0.828613 0.0222239 0.559379
630 0.740892 -0.0149999 -1.37354 -0.00640244 -0.794731 0.0185794 0.606644
640 0.699768 -0.0137401 -1.45109 -0.00566497 -0.758533 0.0221784 0.651233
650 0.616543 0.00119114 -1.51741 -0.0148919 -0.730873 0.0197006 0.682066
660 0.503957 -0.0131965 -1.56237 -0.00981352 -0.702092 0.0171292 0.711812
670 0.391117 -0.0264978 -1.59585 -0.00122173 -0.677152 0.0365292 0.734935
680 0.300049 -0.049396 -1.63287 0.00992776 -0.647377 0.0447668 0.760789
690 0.214732 -0.0797887 -1.68975 0.0241564 -0.61012 0.0564599 0.789926
700 0.132585 -0.107636 -1.76535 0.0251978 -0.557243 0.0717292 0.826862
710 0.0532751 -0.139135 -1.80843 0.0314841 -0.510251 0.0810101 0.855622
720 -0.0236373 -0.169094 -1.79256 0.0494376 -0.487105 0.081092 0.868164
730 -0.114508 -0.187288 -1.72742 0.064588 -0.4655 0.0874405 0.878346
740 -0.204029 -0.220269 -1.63531 0.0955183 -0.426979 0.0919446 0.894489
750 -0.25557 -0.244695 -1.5641 0.14254 -0.411516 0.095849 0.89507
760 -0.306857 -0.271711 -1.52455 0.188569 -0.404902 0.113569 0.887467
770 -0.393025 -0.312992 -1.49885 0.22559 -0.396382 0.123642 0.881307
780 -0.481467 -0.338848 -1.48143 0.251593 -0.379921 0.135949 0.879704
790 -0.544309 -0.347752 -1.46939 0.265235 -0.346156 0.130187 0.890437
800 -0.574233 -0.333545 -1.45735 0.253627 -0.31627 0.109656 0.907537
810 -0.583202 -0.309129 -1.43828 0.238805 -0.295267 0.0874664 0.920945
820 -0.586963 -0.27426 -1.40336 0.213653 -0.290665 0.0781289 0.929388
830 -0.589892 -0.240929 -1.34435 0.185334 -0.273522 0.052615 0.942374
840 -0.59971 -0.201176 -1.28242 0.145269 -0.255724 0.0288194 0.955339
850 -0.608493 -0.158907 -1.2402 0.115581 -0.235537 0.0179892 0.9648
860 -0.612449 -0.119052 -1.21457 0.0982501 -0.220174 0.0107561 0.97044
870 -0.616598 -0.0852935 -1.20447 0.0790925 -0.21216 0.00968722 0.973981
880 -0.626299 -0.0762749 -1.19181 0.0712465 -0.21122 0.00848744 0.974801
